   1.0310474813208035e+02   2.0163582157746589e+00   2.8130537702663108e+00   2.9265735740870098e+00   2.4256777542750139e+00   2.5985610511399697e+00   2.8743310509384612e+00   3.2073713205647247e+00   2.5080639178419966e+00   1.1349809517190197e+00
   2.0163582157746589e+00   1.0263000855260196e+02   2.0918832559398628e+00   2.7451816981389707e+00   1.5806276169577131e+00   2.5558876415347491e+00   2.5944908685051593e+00   2.9776701569591264e+00   2.3935961252334823e+00   1.4349673947703692e+00
   2.8130537702663108e+00   2.0918832559398628e+00   1.0350373252061314e+02   2.6549069677818511e+00   2.4339648092099240e+00   2.5187345078500711e+00   2.8242263403996763e+00   3.4817402748964743e+00   2.7625001766525239e+00   1.0895154450935935e+00
   2.9265735740870098e+00   2.7451816981389707e+00   2.6549069677818511e+00   1.0406065810525875e+02   2.1856008910871725e+00   3.0219321512831794e+00   3.2755150426443480e+00   3.1839724375952225e+00   2.4796857100891438e+00   1.8139514624841553e+00
   2.4256777542750139e+00   1.5806276169577131e+00   2.4339648092099240e+00   2.1856008910871725e+00   1.0302650264568516e+02   2.4773331405862837e+00   2.4734334342265623e+00   3.0065281571014215e+00   2.0704063058476656e+00   7.0177772046267461e-01
   2.5985610511399697e+00   2.5558876415347491e+00   2.5187345078500711e+00   3.0219321512831794e+00   2.4773331405862837e+00   1.0351627068289204e+02   2.5445119417150823e+00   3.5449020177381252e+00   2.8523407499345570e+00   1.5016267893889703e+00
   2.8743310509384612e+00   2.5944908685051593e+00   2.8242263403996763e+00   3.2755150426443480e+00   2.4734334342265623e+00   2.5445119417150823e+00   1.0392011533827784e+02   3.7338398205099521e+00   2.5930775483789668e+00   1.3998904597195008e+00
   3.2073713205647247e+00   2.9776701569591264e+00   3.4817402748964743e+00   3.1839724375952225e+00   3.0065281571014215e+00   3.5449020177381252e+00   3.7338398205099521e+00   1.0499331232957115e+02   3.4490671564260973e+00   1.5178519712623701e+00
   2.5080639178419966e+00   2.3935961252334823e+00   2.7625001766525239e+00   2.4796857100891438e+00   2.0704063058476656e+00   2.8523407499345570e+00   2.5930775483789668e+00   3.4490671564260973e+00   1.0313179314091374e+02   1.1474290522352679e+00
   1.1349809517190197e+00   1.4349673947703692e+00   1.0895154450935935e+00   1.8139514624841553e+00   7.0177772046267461e-01   1.5016267893889703e+00   1.3998904597195008e+00   1.5178519712623701e+00   1.1474290522352679e+00   1.0100260699272323e+02
